[2025-08-02 14:17:59][sample_serial_collector.py:416][INFO] collect end:
episode_count: 840
envstep_count: 15120
train_sample_count: 15120
avg_envstep_per_episode: 18.0
avg_sample_per_episode: 18.0
avg_envstep_per_sec: 23.75164519137024
avg_train_sample_per_sec: 23.75164519137024
avg_episode_per_sec: 1.3195358439650133
reward_mean: 3.9716528512514135
reward_std: 20.280554541304696
reward_max: 83.97105761315618
reward_min: -36.52894238684382
total_envstep_count: 15120
total_train_sample_count: 15120
total_episode_count: 840
